277
0
0,0,0
0,0,0,1
2
0,0,1
0,0,0,1
2
1,0,0
0,0.7071068,0,0.7071068
2
1,0,1.000001
0,0,0,1
2
2.000001,0,1
0,0,0,1
2
-1,0,0
0,-0.7071068,0,0.7071068
2
-1,0,1.000001
0,0,0,1
2
-2.000001,0,1
0,0,0,1
2
2,0,-1.000001
0,1,0,0
2
0,0,-1
0,1,0,0
2
0.9999999,0,-1.000001
0,1,0,0
2
-0.9999999,0,-1.000001
0,-1,0,0
2
-2,0,-1.000001
0,-1,0,0
2
1,1,0
-0.5,0.5,0.5,0.5
2
0,1,0
-0.7071068,0,0,0.7071068
2
-1,1,0
-0.5,-0.5,-0.5,0.5
2
-2,1,-1.192093E-07
-0.5,-0.5,-0.5,0.5
2
2,1,-1.192093E-07
-0.5,0.5,0.5,0.5
2
-2,-1,-1.192093E-07
0.5,-0.5,0.5,0.5
2
-1,-1,0
0.5,-0.5,0.5,0.5
2
0,-1,0
0.7071068,0,0,0.7071068
2
1,-1,0
0.5,0.5,-0.5,0.5
2
2,-1,-1.192093E-07
0.5,0.5,-0.5,0.5
2
-2,-1,-1.000001
0,-0.7071068,0.7071068,0
2
-0.9999999,-1,-1.000001
0,-0.7071068,0.7071068,0
2
0,-1,-1
0,0.7071068,-0.7071068,0
2
0.9999999,-1,-1.000001
0,0.7071068,-0.7071068,0
2
2,-1,-1.000001
0,0.7071068,-0.7071068,0
2
2,-1,-2.000002
0,0.7071068,-0.7071068,0
2
0.9999999,-1,-2.000002
0,0.7071068,-0.7071068,0
2
0,-1,-2
0,0.7071068,-0.7071068,0
2
-0.9999999,-1,-2.000002
0,-0.7071068,0.7071068,0
2
-2,-1,-2.000002
0,-0.7071068,0.7071068,0
2
-2.000001,-1,1
0.7071068,0,0,0.7071068
2
-2.000001,-1,2.000001
0.7071068,0,0,0.7071068
2
-1,-1,2.000001
0.7071068,0,0,0.7071068
2
-1,-1,1.000001
0.7071068,0,0,0.7071068
2
0,-1,2
0.7071068,0,0,0.7071068
2
0,-1,1
0.7071068,0,0,0.7071068
2
1,-1,2.000001
0.7071068,0,0,0.7071068
2
1,-1,1.000001
0.7071068,0,0,0.7071068
2
2.000001,-1,1
0.7071068,0,0,0.7071068
2
2.000001,-1,2.000001
0.7071068,0,0,0.7071068
2
2,1,-1.000001
0,0.7071068,0.7071068,0
2
0.9999999,1,-1.000001
0,0.7071068,0.7071068,0
2
0,1,-1
0,0.7071068,0.7071068,0
2
-0.9999999,1,-1.000001
0,-0.7071068,-0.7071068,0
2
-2,1,-1.000001
0,-0.7071068,-0.7071068,0
2
2,1,-2.000002
0,0.7071068,0.7071068,0
2
0.9999999,1,-2.000002
0,0.7071068,0.7071068,0
2
0,1,-2
0,0.7071068,0.7071068,0
2
-0.9999999,1,-2.000002
0,-0.7071068,-0.7071068,0
2
-2,1,-2.000002
0,-0.7071068,-0.7071068,0
2
-2.000001,1,1
-0.7071068,0,0,0.7071068
2
-2.000001,1,2.000001
-0.7071068,0,0,0.7071068
2
-1,1,2.000001
-0.7071068,0,0,0.7071068
2
-1,1,1.000001
-0.7071068,0,0,0.7071068
2
0,1,1
-0.7071068,0,0,0.7071068
2
0,1,2
-0.7071068,0,0,0.7071068
2
1,1,2.000001
-0.7071068,0,0,0.7071068
2
1,1,1.000001
-0.7071068,0,0,0.7071068
2
2.000001,1,1
-0.7071068,0,0,0.7071068
2
2.000001,1,2.000001
-0.7071068,0,0,0.7071068
1
3.000003,2,-2.000002
0.5,0.5,0.5,0.5
1
3.000003,-2,-2.000002
-0.5,0.5,-0.5,0.5
1
3.000001,2,2.000001
-0.5,0.5,-0.5,0.5
1
3.000001,-2,2.000001
0.5,0.5,0.5,0.5
1
2.000001,-2.000001,3.000002
0,0,0,1
1
2.000001,2.000001,3.000002
0,0,0,1
1
-2.000001,2.000001,3.000002
0,0,0,1
1
-3.000001,2,2.000001
-0.5,-0.5,0.5,0.5
1
-2.000001,3.000001,2.000001
-0.7071068,0,0,0.7071068
1
2.000001,3.000001,2.000001
-0.7071068,0,0,0.7071068
1
-2.000001,-2.000001,3.000002
0,0,0,1
1
-3.000001,-2,2.000001
0.5,-0.5,-0.5,0.5
1
-2.000001,-3.000001,2.000001
0.7071068,0,0,0.7071068
1
-3.000003,-2,-2.000002
-0.5,-0.5,0.5,0.5
1
-2,-2.000001,-3.000005
0,-1,0,0
1
-2,-3.000001,-2.000003
0,-0.7071068,0.7071068,0
1
2,-2.000001,-3.000005
0,1,0,0
1
2,-3.000001,-2.000003
0,0.7071068,-0.7071068,0
1
2,2.000001,-3.000005
0,1,0,0
1
2,3.000001,-2.000003
0,0.7071068,0.7071068,0
1
-2,3.000001,-2.000003
0,-0.7071068,-0.7071068,0
1
-2,2.000001,-3.000005
0,-1,0,0
1
-3.000003,2,-2.000002
0.5,-0.5,-0.5,0.5
1
2.000001,-3.000001,2.000001
0.7071068,0,0,0.7071068
1
3.000004,3.000001,-1.000001
0.5,0.5,0.5,0.5
1
3.000002,3.000001,-1.192093E-07
0,0.7071068,0,0.7071068
1
3.000001,3.000001,1
-0.5,0.5,-0.5,0.5
1
3.000001,1,3.000002
0,0.7071068,0,0.7071068
1
3.000001,0,3.000002
0,0.7071068,0,0.7071068
1
3.000001,-1,3.000002
0,0.7071068,0,0.7071068
1
1,3.000001,3.000003
0,0,0,1
1
-5.960464E-07,3.000001,3.000003
0,-0.7071068,0,0.7071068
1
-1.000002,3.000001,3.000003
0,-0.7071068,0,0.7071068
1
-3.000001,3.000001,1
-0.5,-0.5,0.5,0.5
1
-3.000001,3.000001,-2.145767E-06
-0.7071068,-0.7071068,0,0
1
-3.000001,3.000001,-1.000005
-0.7071068,-0.7071068,0,0
1
0,3.000001,-3.000001
0,1,0,0
1
1.000003,3.000001,-3.000001
0,0.7071068,0,0.7071068
1
-1.000003,3.000001,-3.000001
0,0.7071068,0,-0.7071068
1
-3.000001,1,3.000003
0,0,0.7071068,0.7071068
1
-3.000001,-1.66893E-06,3.000003
0.5,-0.5,0.5,0.5
1
-3.000001,-1.000004,3.000003
0.5,-0.5,0.5,0.5
1
3.000003,1,-3.000005
0.7071068,0.7071068,0,0
1
3.000003,-1.66893E-06,-3.000005
0.5,0.5,-0.5,0.5
1
3.000003,-1.000004,-3.000005
0.5,0.5,-0.5,0.5
1
-0.9999999,-3.000001,-3.000005
0,-1,0,0
1
4.649162E-06,-3.000001,-3.000005
0,-0.7071068,0,-0.7071068
1
1.00001,-3.000001,-3.000005
0,-0.7071068,0,-0.7071068
1
3.000004,-3.000001,-1.000001
-0.5,0.5,-0.5,0.5
1
3.000004,-3.000001,2.264977E-06
0,0,-0.7071068,0.7071068
1
3.000004,-3.000001,1.000006
0,0,-0.7071068,0.7071068
1
1,-3.000001,3.000003
0,0,0,1
1
-5.960464E-07,-3.000001,3.000003
0,-0.7071068,0,0.7071068
1
-1.000002,-3.000001,3.000003
0,-0.7071068,0,0.7071068
1
-3.000001,-3.000001,1
0.5,-0.5,-0.5,0.5
1
-3.000001,-3.000001,-2.145767E-06
0.7071068,-0.7071068,0,0
1
-3.000001,-3.000001,-1.000005
0.7071068,-0.7071068,0,0
1
0,-3.000001,-2.384186E-07
0.7071068,0,0,0.7071068
1
3.000001,0,-2.384186E-07
0,0.7071068,0,0.7071068
1
0,0,3
0,0,0,1
2
-3.000001,1.999999,-2.145767E-06
-0.5,-0.5,0.5,-0.5
2
-3.000004,-5.960464E-07,-2
0,0,0.7071068,0.7071068
2
-3.000001,-1.66893E-06,2
0.7071068,-0.7071068,0,0
2
-3.000001,-1.999999,-2.145767E-06
0.5,-0.5,-0.5,-0.5
2
-1.999999,-1.66893E-06,3.000003
0.7071068,0,0.7071068,0
2
2,0,3.000002
0,0.7071068,0,-0.7071068
2
0,1,3
-0.7071068,0,0,0.7071068
2
-5.960464E-07,-2,3.000003
-0.5,-0.5,-0.5,0.5
2
3.000004,-1.999999,2.264977E-06
-0.5,-0.5,-0.5,0.5
2
3.000001,1,-2.384186E-07
-0.5,0.5,0.5,0.5
2
3.000001,0,1.000001
0,0,0,1
2
3.000001,0,-1.000001
0,1,0,0
2
4.649162E-06,-2,-3.000005
0.5,-0.5,-0.5,-0.5
2
1,0,-3
0,0.7071068,0,0.7071068
2
0,1,-3
0,0.7071068,0.7071068,0
2
-1,0,-3
0,0.7071068,0,-0.7071068
2
0,-3.000001,-1.000001
1,0,0,0
2
-4.768372E-07,-3.000001,2
0,-1,0,0
2
0,3.000001,1.000001
0,0,0,1
2
-2,3.000001,-2.145767E-06
-0.5,-0.5,-0.5,-0.5
2
0,3.000001,-1.999999
0,0,0,-1
2
1,3.000001,-2.384186E-07
-0.5,0.5,-0.5,0.5
1
4.000003,2.000001,-2.384186E-07
0,0.7071068,0,0.7071068
1
4.000003,2.000001,-1.000002
0,1,0,0
1
4.000003,2.000001,1.000002
0,0,0,1
1
4.000003,0,2.000003
0,0,0,1
1
4.000003,1,2.000003
-0.7071068,0,0,0.7071068
1
4.000003,-1,2.000003
0.7071068,0,0,0.7071068
1
4.00001,-1.999999,2.264977E-06
-0.7071068,0,-0.7071068,0
1
4.00001,-1.999999,1.000007
0,0,-1,0
1
4.00001,-1.999999,-1.000002
-1,0,0,0
1
4.000003,0,-2.000003
0,0.7071068,0,0.7071068
1
4.000003,1,-2.000003
-0.5,0.5,0.5,0.5
1
4.000003,-1,-2.000003
0.5,0.5,-0.5,0.5
1
4.000003,1,-2.384186E-07
0,0.7071068,0,0.7071068
1
4.00001,-0.9999963,2.264977E-06
-0.7071068,0,-0.7071068,0
1
4.000002,0,-1.000002
0,1,0,0
1
4.000003,0,1.000001
0,1,0,0
1
2,0,-4.000001
0,1,0,0
1
2,1,-4.000001
0,0.7071068,0.7071068,0
1
2,-1,-4.000001
0,0.7071068,-0.7071068,0
1
4.649162E-06,-2,-4.00001
0.7071068,-0.7071068,0,0
1
1.000011,-2,-4.00001
0.5,-0.5,0.5,-0.5
1
-1.000002,-2,-4.00001
0.5,-0.5,-0.5,0.5
1
-2,0,-4.000001
0,1,0,0
1
-2,1,-4.000001
0,0.7071068,0.7071068,0
1
-2,-1,-4.000001
0,0.7071068,-0.7071068,0
1
0,1,-4
0,1,0,0
1
-0.9999999,0,-4
0,1,0,0
1
0.9999999,0,-4
0,1,0,0
1
4.649162E-06,-0.9999985,-4.00001
0.7071068,-0.7071068,0,0
1
0,2.000001,-4.000001
0,1,0,0
1
-4.000004,1.999999,-2.145767E-06
-0.7071068,0,0.7071068,0
1
-4.000004,1.999999,1.000002
0,0,1,0
1
-4.000004,1.999999,-1.000007
-1,0,0,0
1
-4.000004,0.9999963,-2.145767E-06
-0.7071068,0,0.7071068,0
1
-4.00001,-7.152557E-07,-2
-0.5,-0.5,0.5,0.5
1
-4.00001,1.000002,-2
-0.7071068,0,0,0.7071068
1
-4.00001,-7.152557E-07,-0.9999959
-0.5,-0.5,0.5,0.5
1
-4.000004,-0.9999963,-2.145767E-06
0.7071068,0,-0.7071068,0
1
-4.000004,-1.788139E-06,0.9999969
0.5,-0.5,-0.5,0.5
1
-4.000004,-1.999999,-2.145767E-06
0.7071068,0,-0.7071068,0
1
-4.000004,-1.999999,-1.000007
1,0,0,0
1
-4.000004,-0.9999963,-1.000007
1,0,0,0
1
-4.00001,-1.000003,-2
0,-0.7071068,0.7071068,0
1
-4.000004,-1.999999,1.000002
0,0,-1,0
1
-4.000004,-1.788139E-06,2.000001
0,0,-0.7071068,0.7071068
1
-4.000004,-1.000006,2.000001
0.5,0.5,-0.5,0.5
1
-4.000004,1.000002,2.000001
-0.5,-0.5,-0.5,0.5
1
-4.000004,0.9999963,1.000002
0,0,1,0
2
-3.000003,1,-1.000001
0.5,-0.5,-0.5,0.5
2
-3.000001,-1,1
0.5,-0.5,-0.5,0.5
2
-0.9999999,1,-3.000005
0,-1,0,0
2
0.9999999,-1,-3.000005
0,1,0,0
2
-0.9999999,-1,-3.000005
0,-1,0,0
2
0.9999999,1,-3.000005
0,1,0,0
2
3.000003,1,-1.000001
0.5,0.5,0.5,0.5
2
3.000003,-1,-1.000001
-0.5,0.5,-0.5,0.5
2
3.000001,1,1
-0.5,0.5,-0.5,0.5
2
3.000001,-1,1
0.5,0.5,0.5,0.5
2
0,0,-3
0,1,0,0
2
-3.000001,0,-2.384186E-07
0,-0.7071068,0,0.7071068
1
4.000002,0,-3.576279E-07
0,0.7071068,0,0.7071068
1
0,0,4
0,0,0,1
1
0,1,4
0,0,0,1
1
0,2.000001,4
0,0,0,1
1
-1,2.000001,4
0,-0.7071068,0,0.7071068
1
-1.999999,-1.66893E-06,4.000006
0,0,1,0
1
-1.999999,1.000003,4.000006
0,0.7071068,0.7071068,0
1
-1.999999,-1.000006,4.000006
0,-0.7071068,0.7071068,0
1
-5.960464E-07,-2,4.000006
0,0,-0.7071068,0.7071068
1
-1.000003,-2,4.000006
0.5,-0.5,-0.5,0.5
1
1.000002,-2,4.000006
-0.5,0.5,-0.5,0.5
1
-5.960464E-07,-0.9999985,4.000006
0,0,-0.7071068,0.7071068
1
-1.000003,-0.9999983,4.000006
0.5,-0.5,-0.5,0.5
1
-1,0,4
0,-0.7071068,0,0.7071068
1
1,0,4
0,0.7071068,0,0.7071068
1
1,1,4
0,0.7071068,0,0.7071068
1
1,2.000001,4
0,0.7071068,0,0.7071068
1
2,0,4
0,0.7071068,0,0.7071068
1
2,1,4
0,0.7071068,0,0.7071068
1
2,-1,4
0.5,0.5,-0.5,0.5
2
1,-1,3.000003
0,0,0,1
2
-1,1,3.000003
0,0,0,1
2
0,3.000001,-2.384186E-07
-0.7071068,0,0,0.7071068
1
0,4.000003,-1.999999
0.7071068,0,0,-0.7071068
1
0,4.000003,-0.9999971
0.7071068,0,0,-0.7071068
1
-2,4.000004,-2.145767E-06
0,-0.7071068,-0.7071068,0
1
1,4.000003,-2.384186E-07
-0.7071068,0,0,0.7071068
1
2,4.000003,-2.384186E-07
-0.7071068,0,0,0.7071068
1
-0.9999959,4.000004,-2.145767E-06
-0.5,-0.5,-0.5,-0.5
1
0,4.000003,1.000001
-0.7071068,0,0,0.7071068
1
0,4.000003,2.000002
-0.7071068,0,0,0.7071068
1
1,4.000003,1.000001
-0.5,0.5,-0.5,0.5
1
-0.9999959,4.000004,1.000003
0,0,-0.7071068,-0.7071068
1
-1.000003,4.000003,-0.9999971
0.5,0.5,-0.5,-0.5
1
1,4.000003,-1.000002
-1,0,0,0
1
-3.000003,0.9999988,-3.000005
0.5,-0.5,0.5,0.5
1
-3.000003,-3.457069E-06,-3.000005
0.5,-0.5,0.5,0.5
1
-3.000003,-1.000006,-3.000005
0.5,-0.5,0.5,0.5
2
1,-3.000001,1
0.7071068,0,0,0.7071068
2
0.9999999,-3.000001,-1.000001
0,0.7071068,-0.7071068,0
2
1,-3.000001,0
0.5,0.5,-0.5,0.5
2
-0.9999999,-3.000001,-1.000001
0,-0.7071068,0.7071068,0
2
-1,-3.000001,0
0.5,-0.5,0.5,0.5
2
-1,-3.000001,1
0.7071068,0,0,0.7071068
1
-2,-3.000001,-1.192093E-07
0.5,-0.5,0.5,0.5
1
0,-4.000002,-3.576279E-07
0.7071068,0,0,0.7071068
1
0,-4.000003,-1.000001
0.7071068,0,0,0.7071068
1
0,-4.000003,-2.000003
0.7071068,0,0,0.7071068
1
0.9999999,-3.000001,-2.000003
0,0.7071068,-0.7071068,0
1
1,-4.000003,-2.000003
0.5,0.5,0.5,0.5
1
2.000003,-4.000002,-1.000001
-0.5,0.5,-0.5,0.5
1
2.000001,-4.000002,0
0,0.7071068,0,0.7071068
1
2.000001,-4.000002,1
0.5,0.5,0.5,0.5
1
1,-4.000002,2.000002
0,0,0,1
1
-1,-4.000002,2.000002
0,0,0,1
1
5.960464E-07,-4.000002,2.000002
0,0.7071068,0,0.7071068
1
0,-4.000002,1.000001
0,0,0,1
1
-2.000001,-4.000002,1
0.5,-0.5,-0.5,0.5
1
-2.000003,-4.000002,-1.000001
-0.5,-0.5,0.5,0.5
1
-2.000001,-4.000002,0
0,-0.7071068,0,0.7071068
1
-1,-4.000003,-2.000003
0.5,-0.5,-0.5,0.5
1
1.000003,3.000001,-1.999999
0,-0.7071068,0,-0.7071068
1
-1.000003,4.000003,-2
0.7071068,0.7071068,0,0
1
-2,4.000004,-1.000007
0,-1,0,0
1
2,4.000003,-1.000002
-1,0,0,0
1
1,4.000003,-2.000005
-1,0,0,0
1
2,4.000003,1.000001
-0.5,0.5,-0.5,0.5
1
1,4.000003,2.000002
-0.5,0.5,-0.5,0.5
1
-0.9999959,4.000004,2.000008
0,0,-0.7071068,-0.7071068
1
-2,4.000004,1.000002
0,0,-1,0
1
1.000002,2.000001,-4.000001
0,0.7071068,0,0.7071068
1
-0.9999999,2.000001,-4.000008
0,-0.7071068,-0.7071068,0

277
